image: Campus_M.png
resolution: 0.1
origin: [-81.463250732, -78.385906982, 0.0]
occupied_thresh: 0.6
free_thresh: 0.1
negate: 0
